       0.244304       0.487195       0.555195       0.610000
       0.000000       1.000000       0.912695
       1.000000       1.000000       1.000000
       0.000000       0.000000       0.000000
       1.000000       1.000000       0.958432
       0.000000       1.000000       0.961169
       0.000000       1.000000       0.937359
       0.000000       0.000000       0.000104
       1.000000       0.000000       0.000000
       1.000000       1.000000       0.907945
       1.000000       0.000000       0.348098
       0.000000       0.000000       0.000000
       0.000000       0.000000       0.000000
       1.000000       0.000000       0.042501
       0.000000       1.000000       0.995873
       0.000000       0.000000       0.000000
       1.000000       0.000000       0.080805
       0.000000       1.000000       0.910947
       0.000000       1.000000       0.781161
       1.000000       1.000000       0.946310
       1.000000       1.000000       0.991042
       0.000000       0.000000       0.000000
       0.000000       0.000000       0.468953
       1.000000       0.000000       0.000000
       1.000000       1.000000       0.994545
       1.000000       1.000000       1.000000
       0.000000       0.000000       0.366309
       1.000000       1.000000       0.974031
       1.000000       1.000000       0.604314
       1.000000       1.000000       0.952636
       1.000000       1.000000       0.936763
       0.000000       0.000000       0.000000
       1.000000       1.000000       0.990561
       0.000000       0.000000       0.000000
       0.000000       0.000000       0.000046
       1.000000       1.000000       1.000000
       1.000000       0.000000       0.000001
       0.000000       1.000000       0.981303
       0.000000       1.000000       0.999880
       1.000000       1.000000       0.999320
       1.000000       1.000000       0.869962
       1.000000       1.000000       0.999874
       1.000000       0.000000       0.063685
       1.000000       1.000000       0.999786
       1.000000       1.000000       0.696386
       1.000000       1.000000       0.999989
       1.000000       0.000000       0.175218
       1.000000       0.000000       0.000000
       0.000000       1.000000       0.855900
       0.000000       1.000000       0.983367
       1.000000       1.000000       0.582092
       0.000000       0.000000       0.000448
       0.000000       0.000000       0.000999
       0.000000       0.000000       0.000000
       1.000000       1.000000       0.999583
       1.000000       0.000000       0.000000
       1.000000       0.000000       0.000000
       0.000000       1.000000       0.995690
       1.000000       1.000000       0.550412
       0.000000       0.000000       0.000000
       1.000000       1.000000       0.999856
       0.000000       1.000000       0.999860
       1.000000       1.000000       0.561713
       1.000000       1.000000       0.999898
       1.000000       1.000000       0.950987
       0.000000       0.000000       0.000000
       1.000000       1.000000       0.991255
       0.000000       0.000000       0.000000
       1.000000       1.000000       1.000000
       1.000000       1.000000       0.985881
       0.000000       0.000000       0.003909
       0.000000       0.000000       0.000000
       0.000000       1.000000       0.964809
       1.000000       0.000000       0.273060
       0.000000       1.000000       0.998993
       1.000000       1.000000       0.926625
       0.000000       0.000000       0.238443
       0.000000       1.000000       0.799021
       0.000000       0.000000       0.000000
       0.000000       0.000000       0.000262
       1.000000       0.000000       0.000000
       0.000000       0.000000       0.010523
       1.000000       1.000000       0.945952
       1.000000       0.000000       0.000690
       0.000000       0.000000       0.000000
       1.000000       0.000000       0.043056
       1.000000       0.000000       0.000000
       0.000000       0.000000       0.000000
       0.000000       1.000000       0.967565
       1.000000       0.000000       0.000000
       1.000000       0.000000       0.000034
       0.000000       1.000000       0.936987
       1.000000       1.000000       0.781150
       0.000000       1.000000       0.999998
       0.000000       1.000000       0.999687
       0.000000       1.000000       0.929383
       0.000000       1.000000       0.999156
       0.000000       0.000000       0.000000
       1.000000       1.000000       0.757996
       0.000000       0.000000       0.205044
       0.000000       0.000000       0.000000
